34|Gl 191|05 11 40.5893|-45 01 06.353|  Kapteyn's Star|M0V|3.915299798842474|0.27399999999999997|0.29100000000000004|3550|nan|0.11396619609931456|0.22081400131563714
35|Gl 825|21 17 15.2688|-38 52 02.510|  Lacaille 8760|M1/2V|3.945959938222603|0.6|0.51|3800|   |0.2279904780762863|0.43626386797952194
37|Gl 860 A|22 27 59.5575|+57 41 42.080|Kruger 60 A|  M2V|4.028742314548952|0.271|0.35|3180| |0.1104424475311228|0.21786952387179784
38|Gl 860 B|22 27 59.7956|+57 41 49.746|Kruger 60 B|  M6V|4.028742314548952|0.17600000000000002|0.24|2890| |0.0627330199088733|0.12541696322087006
39|Gl 563.2 A|14 49 33.2543|-26 06 20.808|nan|M|4.031808328486965|0.59|3840.0|   |nan|None|None
40|Gl 234 A|06 29 23.3915|-02 48 48.803|Ross 614 A|   M4.5|4.114590704813312|0.14|3050.0|   |nan|None|None
41|Gl 234 B|06 29 23.52|-02 48 51.1|Ross 614 B|   M|4.114590704813312|nan|nan|nan| |None|None
42|Gl 628|16 30 18.0582|-12 39 45.323|  Wolf 1061|M3.5|4.261759373837932|0.294|0.307|3342|   |0.10681802801286193|0.20908880654064374
43|Gl 1|00 05 24.4278|-37 21 26.504|nan|M2V|4.3384097222882545|0.47|0.47|3567|   |0.1857944768025147|0.35968060953058434
46|Gl 83.1|02 00 12.9561|+13 03 07.021| TZ Arietis|   M4.5|4.467182307684796|0.14|0.161|3158| |0.05011389939030366|0.09896238634762744
47|Gl 687|17 36 25.8991|+68 20 20.904|nan|M3|4.525436572507041|0.401|0.49200000000000005|3095|   |0.14718500727967807|0.29151347598350463
48|GJ 3622|10 48 12.6142|-11 20 09.609| LHS 292|M6.5|4.537700628259093|0.08|0.11|2700| |0.025154454294815814|0.050708076070257006
49|GJ 1245 A|19 53 54.4821|+44 24 51.341|G 208-044 A|  M5.5Ve|4.537700628259093|nan|nan|nan| |None|None
50|GJ 1245 B|19 53 55.1388|+44 24 54.144|G 208-044 B|  M|4.537700628259093|nan|nan|nan| |None|None
51|GJ 1245 C|19 53 54.4821|+44 24 51.341|G 208-045|M6V|4.537700628259093|nan|nan|nan| |None|None
52|Gl 674|17 28 39.9455|-46 53 42.693|nan|M2+V|4.540766642197106|0.33|0.42|3600|  1|0.1690394641662834|0.32670817779326106
53|Gl 563.2 B|14 49 31.4685|-26 06 32.528| LHS 379|M|4.6572751718415955|0.41|0.09|3470|   |0.03371040638625485|0.0655740023082397
54|Gl 876|22 53 16.7323|-14 15 49.303|  Ross 780| M3.5V|4.660341185779608|0.17|0.11|3130|  4|0.033644112613001875|0.06652626454692805
55|GJ 1002|00 06 43.1972|-07 32 17.024|nan|M5-5.5|4.697133353035763|nan|nan|nan|nan|None|None
56|GJ 3618|10 44 21.2334|-61 12 35.263| LHS 288|M|4.767651673610061|nan|nan|nan| |None|None
57|Gl 412 A|11 05 28.5779|+43 31 36.391|WX Ursae Majoris|M0.5|4.828971952370319|0.55|0.08|3720|   |0.034319047733685756|0.06593355854243041
58|Gl 412 B|11 05 30.8856|+43 31 17.884|nan|M6e|4.828971952370319|nan|nan|nan| |None|None
59|Gl 380|10 11 22.1400|+49 27 15.249|  Groombridge 1618|K8V|4.871896147502499|0.61|0.45|3920|   |0.2135927549143151|0.4062673086757713
60|Gl 388|10 19 36.2808|+19 52 12.014|nan|M4.5Ve|4.902556286882628|nan|nan|nan| |None|None
61|Gl 832|21 33 33.9749|-49 00 32.403|nan|M2/3V|4.93628244020077|0.52|0.08|3620|  1|0.032547618644046726|0.0628432584500219
62|LP 944-020|03 39 35.2525|-35 25 43.628|nan|M9V|4.963876565642886|nan|nan|nan| |None|None
64|Gl 166 A|04 15 16.3197|-07 39 10.338|Omicron 2 Eridani   K0/1V|16.44|0.25141314291705785|0.81|5300.0|   |nan|None|None
65|Gl 166 B|04 15 21.786|-07 39 29.22|nan|DA4|5.040526914093209|nan|nan|nan| |None|None
66|Gl 166 C|04 15 21.5389|-07 39 20.718|nan|M4.5e|5.040526914093209|0.2|0.31|3100| |0.09303382543017916|0.1842190996229599
67|Gl 873|22 46 49.7311|+44 20 02.372|  EV Lacertae|  M3.5|5.046658941969235|0.2|0.1|3210|   |0.032143589050194266|0.06331934324666466
68|Gl 682|17 37 03.6657|-44 19 09.168|  LHS 451|M3.5|5.077319081349363|0.16|3110.0|   |nan|None|None
69|Gl 702 A|18 05 27.3705|+02 29 59.316|70 Ophiuchi A|K0VSB|5.083451109225389|0.9|0.91|5300| |0.7496511263471759|1.3415407439923241
70|Gl 702 B|18 05 27.4622|+02 29 56.223|70 Ophiuchi B|K5Ve|5.083451109225389|nan|nan|nan| |None|None
71|Gl 768|19 50 46.9985|+08 52 05.956|  Altair|A7Vn|5.141705374047634|1.68|0.18|7650|   |None|None
72|GJ 1116 A|08 58 15.0737|+19 45 48.243|EI Cancri|M|5.224487750373982|nan|nan|nan| |None|None
73|GJ 1116 B|08 58 15.1496|+19 45 45.862|nan|M|5.224487750373982|nan|nan|nan| |None|None
74|GJ 3379|06 00 03.5038|+02 42 23.596| G 099-049|M4|5.239817820064047|nan|nan|nan| |None|None
75|GJ 3323|05 01 57.4261|-06 56 46.371| LHS 1723| M|5.319534182452383|nan|nan|nan| |None|None
77|Gl 445|11 47 41.3885|+78 41 28.179|  LHS 2459| M3.5|5.390052503026679|0.23|3260.0|   |nan|None|None
78|Gl 526|13 45 43.7754|+14 53 29.473|  LHS 47|M1.5|5.426844670282834|0.54|0.08|3670|   |0.03342853477144817|0.0643833846927425
79|Gl 169.1 A|04 31 11.5086|+58 58 37.428| LHS 26|M4V|5.512693060547195|nan|nan|nan| |None|None
80|Gl 169.1 B|04 31 12.5709|+58 58 41.292| LHS 27|DC5|5.512693060547195|nan|nan|nan| |None|None
81|Gl 251|06 54 48.9577|+33 16 05.438|  LHS 1879| M3|5.610805506563608|0.25|0.1|3290|   |0.03373830653531936|0.06620663766596671
83|Gl 205|05 31 27.3958|-03 40 38.021|  Wolf 1453|M1.5|5.687455855013931|0.57|0.3|3780|   |0.13274993855094167|0.2542738464278734
84|LP 816-60|20 52 33.0167|-16 58 29.007|nan|M4V|5.711983966518034|nan|nan|nan| |None|None
86|Gl 764|19 32 21.5902|+69 39 40.234|  Sigma Draconis|G9V|5.764106203464253|0.85|0.7759999999999999|5255|   |0.629971023319606|1.129154606727217
89|Gl 213|05 42 09.2672|+12 29 21.611|  Ross 47|M4|5.785568301030343|0.22|3260.0|   |nan|None|None
90|Gl 693|17 46 34.2335|-57 19 08.560|nan|M2.0|5.807030398596434|0.27|3320.0|   |nan|None|None
91|Gl 752 A|19 16 55.2565|+05 10 08.038|Wolf 1055|M2III|5.846888579790601|nan|nan|nan| |None|None
92|Gl 752 B|19 16 57.6103|+05 09 01.588|nan|M5e|5.846888579790601|nan|nan|nan| |None|None
93|Gl 570 A|14 57 28.0008|-21 24 55.726|33 Librae|K4V|5.859152635542653|0.69|0.43|4570|   |0.2723561605874735|0.5020366501120157
94|Gl 570 B|14 57 26.5333|-21 24 41.577|nan|M1.5V|5.859152635542653|nan|nan|nan| |None|None
95|Gl 570 C|14 57 26.5333|-21 24 41.577|nan|M|5.859152635542653|nan|nan|nan| |None|None
96|Gl 570 D|14 57 14.96|-21 21 47.8|nan|T7V|5.859152635542653|nan|nan|nan| |None|None
97|Gl 754|19 20 47.9834|-45 33 29.629|nan|M4.5|5.908208858550859|nan|nan|nan| |None|None
98|Gl 588|15 32 12.9326|-41 16 32.131|nan|M2.5|5.92967095611695|0.32|0.09|3360|   |0.031646799894752296|0.061892244631578414
101|Gl 34 A|00 49 06.2907|+57 48 54.675| Eta Cassiopei A| G0VSB|5.941935011869001|nan|nan|nan| |None|None
102|Gl 34 B|00 49 05.1920|+57 49 04.170| Eta Cassiopei B| K7V|5.941935011869001|0.972|1.038|5973| |1.0441670688410893|1.8324647154576437
103|Gl 663 A|17 15 20.7837|-26 36 06.120|36 Ophiuchi A|K1Ve|5.945001025807014|nan|nan|nan| |None|None
104|Gl 663 B|17 15 20.9846|-26 36 10.159|36 Ophiuchi B|K2:III:|5.945001025807014|nan|nan|nan| |None|None
105|Gl 664|17 16 13.3627|-26 32 46.133|  36 Ophiuchi C|K5V|5.945001025807014|0.68|0.4|4390|   |0.23524193723248904|0.43726894778771064
106|Gl 908|23 49 12.5251|+02 24 04.403|nan|M1|5.966463123373105|0.57|0.07|3780|   |0.03097498566188639|0.059330564166503785
107|Gl 285|07 44 40.1726|+03 33 08.877|  Ross 882| M4.5|5.978727179125156|0.15|0.11|3080|   |0.03259383485905887|0.06460019072151657
108|Gl 783 A|20 11 11.9384|-36 06 04.353|nan|K2V|6.0492454996994525|0.79|0.07|5110|   |0.05413907150994964|0.09755755828962857
109|Gl 783 B|20 11 12.2|-36 06 09|nan|M3.5|6.0492454996994525|nan|nan|nan| |None|None
110|Gl 139|03 19 55.6509|-43 04 11.217|  82 Eridani|   G8III|6.058443541513492|0.7|0.92|5401|3|0.7826988947659049|1.3958842803822682
111|GJ 1221|17 48 07.9929|+70 52 35.921|nan|DXP9|6.0676415833275295|nan|nan|nan| |None|None
112|Gl 338 A|09 14 22.7754|+52 41 11.792|nan|K2|6.104433750583685|0.61|0.2|3910|   |0.09446524330108087|0.17976883081606007
113|Gl 338 B|09 14 24.6830|+52 41 10.906|nan|K2|6.104433750583685|0.62|0.19|3950|   |0.09151320146536307|0.17380355528186942
114|Gl 780|20 08 43.6094|-66 10 55.443|  Delta Pavonis|G6/8IV|6.104433750583685|0.99|1.22|5604| |1.1045130149414495|1.9573237929757488
115|Gl 268 A|07 10 01.8338|+38 31 46.086|QY Aurigae A| M4.5|6.116697806335736|0.13|0.12|3010|   |0.03398272677440065|0.0675709515089918
116|Gl 268 B|07 10 01.8338|+38 31 46.086|QY Aurigae B| MV|6.116697806335736|nan|nan|nan| |None|None
118|Gl 784|20 13 53.3963|-45 09 50.473|nan|M1/2V|6.202546196600098|0.61|0.1|3900|   |0.04700060469557827|0.08948759811941251
119|Gl 555|14 34 16.8115|-12 31 10.417|  HN Librae|M4|6.217876266290163|0.16|0.11|3100|   |0.03301200257199905|0.06536806760814706
120|Gl 896 A|23 31 52.1743|+19 56 14.128|EQ Pegasi|M6Ve|6.245470391732279|nan|nan|nan| |None|None
121|Gl 896 B|23 31 52.5741|+19 56 14.004|nan|M6e|6.245470391732279|nan|nan|nan| |None|None
122|Gl 581|15 19 26.8271|-07 43 20.190|  Wolf 562| M2.5V|6.266932489298369|0.26|0.1|3310|  4|0.034142620173732735|0.06693542479432707
123|LHS 2090|09 00 23.5469|+21 50 04.898|nan|M6V|6.371176963190807|nan|nan|nan| |None|None
124|GJ 3737|12 38 49.0983|-38 22 53.671| LHS 337|M4|6.37424297712882|nan|nan|nan| |None|None
127|GJ 2097|13 07 04.3142|+20 48 38.683|nan|M|6.407969130446961|nan|nan|nan| |None|None
128|GJ 3959|16 31 18.7890|+40 51 51.704| G 180-060|M+|6.407969130446961|nan|nan|nan| |None|None
129|Gl 643|16 55 25.2215|-08 19 21.301|  Wolf 629| M3.5|6.450893325579142|0.19|3190.0|   |nan|None|None
130|Gl 644 A|16 55 28.7575|-08 20 10.787|Wolf 630 A|   M2V|6.450893325579142|0.32|0.16|3370|   |0.05659017359657943|0.11062061875471157
131|Gl 644 B|16 55 28.7575|-08 20 10.787|Wolf 630 B|   M|6.450893325579142|nan|nan|nan| |None|None
132|Gl 644 C|16 55 35.2561|-08 23 40.752|Wolf 630 C|   M7|6.450893325579142|nan|nan|nan| |None|None
134|Gl 625|16 25 24.6233|+54 18 14.765|nan|M1.5|6.527543674029465|0.46|0.09|3520|   |0.03466746740918973|0.06726946538093541
135|GJ 1128|09 42 46.3420|-68 53 06.003|nan|M4V|6.530609687967479|nan|nan|nan| |None|None
136|GJ 1156|12 18 59.3999|+11 07 33.770| GL Virginis|  Me|6.536741715843504|nan|nan|nan| |None|None
137|Gl 892|23 13 16.9747|+57 10 06.076|nan|K3V|6.539807729781517|0.72|0.06|4840|   |0.04216389039822586|0.07680538573514221
138|GJ 3877|14 56 38.2643|-28 09 48.622| LHS 3003| M7V|6.555137799471581|nan|nan|nan| |None|None
139|Gl 408|11 00 04.2569|+22 49 58.646|  Ross 104| M2.5|6.622590106107865|0.42|38.54|3480|   |14.517110445593048|28.224997348075025
140|Gl 829 A|21 29 36.8120|+17 38 35.859|Ross 775 A|   M3.5|6.708438496372226|0.23|0.1|3260|   |0.03313604053708886|0.06511862024254467
141|Gl 829 B|21 29 36.8120|+17 38 35.859|Ross 775 B|   M|6.708438496372226|nan|nan|nan| |None|None
145|Gl 566 A|14 51 23.3876|+19 06 01.641|Ksi Bootis A| G8V+K4V|6.772824789070497|nan|nan|nan| |None|None
146|Gl 566 B|14 51 23.0443|+19 06 06.881|Ksi Bootis B| K4Ve|6.772824789070497|nan|nan|nan| |None|None
147|Gl 402|10 50 52.0312|+06 48 29.263|  EE Leonis|M4|6.791220872698574|0.2|5110.0|   |nan|None|None
148|GJ 4285|22 38 02.9026|-65 50 08.868|nan|M|6.800418914512613|nan|nan|nan| |None|None
149|Gl 880|22 56 34.8047|+16 33 12.353|  Ross 671| M1.5|6.82801303995473|0.51|0.12|3600|   |0.048296989761795264|0.09334519365521744
150|Gl 299|08 11 57.5595|+08 46 22.983|  Ross 619| M5|6.831079053892743|nan|nan|nan| |None|None
154|Gl 667 A|17 18 56.4151|-34 59 22.481|nan|K4V|6.969049681103323|0.71|0.78|4460|  2|0.4723776609505014|0.8751702451674772
155|Gl 667 B|17 18 56.2468|-34 59 22.237|nan|K5V|6.969049681103323|nan|nan|nan| |None|None
156|Gl 667 C|17 18 58.8271|-34 59 48.612|nan|M2.5|6.969049681103323|nan|nan|nan| |None|None
157|Gl 809|20 53 19.7890|+62 09 15.813|nan|M0.5|7.042634015615632|0.56|0.11|3730|   |0.0474351355157425|0.09108654081545665
158|Gl 105 A|02 36 04.9023|+06 53 12.431|268 G. Cet|   K3V|7.205132754330316|0.74|0.09|4900|   |0.06465023898750383|0.11747224205202754
159|Gl 105 B|02 36 15.2666|+06 52 17.924|nan|M4.5|7.205132754330316|nan|nan|nan| |None|None
160|GJ 1286|23 35 10.4621|-02 23 20.614|nan|M5|7.211264782206342|nan|nan|nan| |None|None
161|Gl 393|10 28 55.5513|+00 50 27.601|nan|M2|7.226594851896406|0.45|0.09|3510|   |0.034475121124131224|0.06692931989067588
162|GJ 3991|17 09 31.5428|+43 40 52.734|nan|M3.5|7.251122963400509|nan|nan|nan| |None|None
163|GJ 4053|18 18 57.2324|+66 11 33.301|nan|M|7.278717088842625|nan|nan|nan| |None|None
164|GJ 1230 A|18 41 09.7583|+24 47 14.429|nan|K-M|7.349235409416922|nan|nan|nan| |None|None
165|GJ 1230 B|18 41 09.7996|+24 47 19.607|nan|M|7.349235409416922|nan|nan|nan| |None|None
166|GJ 4248|22 02 29.3755|-37 04 51.351|nan|M3.5|7.4442818414953225|nan|nan|nan| |None|None
167|GJ 4274|22 23 06.9970|-17 36 26.334|nan|M4|7.4534798833093605|nan|nan|nan| |None|None
168|Gl 33|00 48 22.9763|+05 16 50.209|   96 G.Psc|K1V|7.456545897247374|0.7|0.7490000000000001|5829|   |0.7238686056940327|1.2748334010182965
169|Gl 68|01 42 29.7634|+20 16 06.660|107 Piscium|K0V|7.4626779251233994|0.83|0.8|5242|   |0.6466911572134115|1.1596617322282796
170|Gl 19|00 25 45.0703|-77 15 15.286|Beta Hydri|G1IV|7.471875966937439|1.08|1.8090000000000002|5872| |1.7695748967150764|3.1130799069128483
171|GJ 2005|00 24 44.2203|-27 08 25.049|nan|M5.5|7.527064217821671|nan|nan|nan| |None|None
172|GJ 1224|18 07 32.8377|-15 57 47.066|nan|M|7.533196245697697|nan|nan|nan| |None|None
173|Gl 109|02 44 15.5094|+25 31 24.117|nan|M3|7.548526315387761|nan|nan|nan| |None|None
174|Gl 53 A|01 08 16.3947|+54 55 13.226|nan|K1VFe-2|7.548526315387761|0.95|0.07|5590|   |0.063109073072809|0.1118830174835522
175|Gl 53 B|01 08 16.3947|+54 55 13.226|nan|MD|7.548526315387761|nan|nan|nan| |None|None
176|GJ 3378|06 01 11.0454|+59 35 49.885|nan|M|7.560790371139813|nan|nan|nan| |None|None
177|Gl 514|13 29 59.7856|+10 22 37.784|nan|M0.5|7.622110649900071|0.54|0.11|3690|   |0.04645245273036633|0.08937812861047302
179|Gl 879|22 56 24.0532|-31 33 56.035|nan|K4VP|7.634374705652122|0.69|0.41|4550|   |0.2576087302707175|0.4752865205573254
180|Gl 480.1|12 40 46.2895|-43 33 58.996|nan|M3.0|7.658902817156226|0.25|3290.0|   |nan|None|None
181|Gl 881|22 57 39.0462|-29 37 20.053|  Fomalhaut|A3Va|7.683430928660329|1.92|1.8419999999999999|8540|  1|None|None
182|Gl 673|17 25 45.2323|+02 06 41.123|nan|M1V|7.717157081978471|0.57|0.35|4170|   |0.1869133200590486|0.3511434828241728
183|GJ 3417|06 57 57.1189|+62 19 19.366|nan|M|7.747817221358599|nan|nan|nan| |None|None
184|Gl 721|18 36 56.3363|+38 47 01.280|  Vega|  A0Va|7.753949249234625|2.135|2.162|9602|   |None|None
185|GJ 1093|06 59 28.8165|+19 20 55.857|nan|M|7.753949249234625|nan|nan|nan| |None|None
186|Gl 701|18 05 07.5787|-03 01 52.753|nan|K4/5V|7.79074141649078|0.54|0.08|3680|   |0.03360587740557166|0.06469263099589564
187|Gl 915|00 02 10.7243|-43 09 55.394|nan|DA5|7.796873444366806|nan|nan|nan| |None|None
188|Gl 382|10 12 17.6684|-03 44 44.393|nan|M1.5|7.809137500118857|0.48|0.12|3540|   |0.04673806320925311|0.09060173984105684
189|Gl 293|07 53 08.1440|-67 47 31.380|nan|DQ9|7.916447987949309|nan|nan|nan| |None|None
190|GJ 3789|13 31 46.6246|+29 16 36.681|nan|M4e|7.931778057639374|nan|nan|nan| |None|None
191|Gl 793|20 30 32.0455|+65 26 58.410|nan|M2.5|7.956306169143477|0.27|0.1|3320|   |0.03434561261450989|0.06730083666624943
192|GJ 1087|05 56 25.4625|+05 21 48.297|nan|DAP9|7.9900323224616185|nan|nan|nan| |None|None
193|Gl 831 A|21 31 18.5690|-09 47 26.482|nan|M4.5|8.008428406089697|0.14|0.26|3040|   |0.07508167705034588|0.1490859470128651
194|Gl 831 B|21 31 18.5690|-09 47 26.482|nan|M4e|8.008428406089697|nan|nan|nan| |None|None
195|Gl 257 A|06 57 46.6240|-44 17 28.247|nan|M4+...|8.020692461841747|nan|nan|nan| |None|None
196|Gl 257 B|06 57 46.5021|-44 17 27.928|nan|M3|8.020692461841747|nan|nan|nan| |None|None
197|Gl 178|04 49 50.4109|+06 57 40.588|pi3 Orionis|F6V|8.020692461841747|1.236|1.3230000000000002|6516|   |1.5329493467425093|2.662879104447565
198|Gl 623|16 24 09.3137|+48 21 11.107|nan|M2.5|8.039088545469825|0.46|0.09|3510|   |0.034475121124131224|0.06692931989067588
199|GJ 1276|22 53 53.3851|-06 46 54.488|nan|DZ9+|8.048286587283863|nan|nan|nan| |None|None
200|Gl 713 A|18 21 03.3825|+72 43 58.251|nan|F8|8.05441861515989|1.27|0.1|6320|   |0.11027097710956382|0.19215752836265568
201|GJ 4063|18 34 36.6519|+40 07 26.381|nan|M3p|8.060550643035915|nan|nan|nan| |None|None
202|Gl 686|17 37 53.3467|+18 35 30.160|nan|M1|8.124936935734187|0.55|0.08|3720|   |0.034319047733685756|0.06593355854243041
203|GJ 2034|04 21 05.5631|-48 39 07.062|nan|DA8|8.124936935734187|nan|nan|nan| |None|None
204|GJ 1123|09 17 05.3224|-77 49 23.382|nan|M|8.124936935734187|nan|nan|nan| |None|None
205|GJ 1289|23 43 06.3112|+36 32 13.139|nan|K|8.124936935734187|nan|nan|nan| |None|None
206|Gl 54|01 10 22.8808|-67 26 41.948|nan|M2.5V|8.134134977548225|0.3|0.23|3340|   |0.07993249742217454|0.1564774479280541
207|Gl 884|23 00 16.1224|-22 31 27.651|nan|K5/M0V|8.140267005424251|0.59|0.11|4050|   |0.055575868858643684|0.10502690099309762
208|Gl 493.1|13 00 33.5210|+05 41 08.003|nan|M5e|8.140267005424251|nan|nan|nan| |None|None
209|Gl 48|01 02 32.2350|+71 40 47.334|nan|M3|8.140267005424251|0.35|0.09|3400|   |0.03239042911236751|0.06322314179373532
210|Gl 66 A|01 39 47.5649|-56 11 47.211|nan|K2V|8.143333019362263|nan|nan|nan| |None|None
211|Gl 66 B|01 39 47.8131|-56 11 35.950| p Eridani|K0V|8.143333019362263|nan|nan|nan| |None|None
212|Gl 747 A|19 07 42.9873|+32 32 41.701|nan|M3.5J|8.152531061176303|nan|nan|nan| |None|None
213|Gl 747 B|19 07 42.9873|+32 32 41.701|nan|M5K|8.152531061176303|nan|nan|nan| |None|None
214|GJ 1105|07 58 12.7018|+41 18 13.316|nan|M3.5|8.158663089052329|nan|nan|nan| |None|None
215|Gl 518|13 36 31.7654|+03 40 45.686|nan|DZ9|8.180125186618419|nan|nan|nan| |None|None
216|Gl 595|15 42 06.5440|-19 28 18.265|nan|M3|8.201587284184509|0.29|0.21|3330|   |0.07255323546601858|0.1421005341202129
217|GJ 1151|11 50 57.7214|+48 22 38.562|nan|M|8.207719312060535|nan|nan|nan| |None|None
218|Gl 486|12 47 56.6249|+09 45 05.031|nan|M3.5|8.207719312060535|0.2|0.1|3210|   |0.032143589050194266|0.06331934324666466
219|GJ 1227|18 22 27.1413|+62 03 01.951|nan|M|8.241445465378677|nan|nan|nan| |None|None
220|Gl 300|08 12 40.8887|-21 33 06.982|nan|M4|8.321161827767012|nan|nan|nan| |None|None
221|Gl 232|06 24 41.2848|+23 25 58.937|nan|M4.5|8.33035986958105|nan|nan|nan| |None|None
222|Gl 475|12 33 44.5448|+41 21 26.924|nan|G0V|8.367152036837206|1.11|0.12|5930|   |0.11929355629477874|0.20956699364417722
223|Gl 695 A|17 46 27.5266|+27 43 14.437|nan|G5IV|8.394746162279322|nan|nan|nan| |None|None
224|Gl 695 B|17 46 25.1789|+27 43 02.136|nan|M3J|8.394746162279322|nan|nan|nan| |None|None
225|Gl 695 C|17 46 25.1789|+27 43 02.136|nan|M4K|8.394746162279322|nan|nan|nan| |None|None
226|Gl 438|11 43 19.8196|-51 50 25.928|nan|K0|8.397812176217334|nan|nan|nan| |None|None
227|GJ 3146|02 16 29.8517|+13 35 12.796|nan|M|8.45606644103958|nan|nan|nan| |None|None
229|GJ 1057|03 13 22.9175|+04 46 29.343|nan|M|8.462198468915606|nan|nan|nan| |None|None
230|Gl 618 A|16 20 03.5069|-37 31 44.408|nan|M2.0|8.468330496791632|0.31|0.09|3350|   |0.03146211970620405|0.06156097906749425
231|Gl 618 B|16 20 03.2124|-37 31 48.586|nan|M5:|8.468330496791632|nan|nan|nan| |None|None
232|GJ 3076|01 11 25.4226|+15 26 21.512|nan|M|8.471396510729644|nan|nan|nan| |None|None
233|Gl 185 A|05 02 28.414|-21 15 24.21|nan|M0V|8.514320705861824|nan|nan|nan| |None|None
234|Gl 185 B|05 02 28.460|-21 15 23.65|nan|M2V|8.514320705861824|nan|nan|nan| |None|None
235|Gl 506|13 18 24.3142|-18 18 40.304|nan|G5V|8.52045273373785|0.92|0.11|5530|  3|0.09739227266034663|0.1729766175048086
236|Gl 450|11 51 07.3365|+35 16 19.248|nan|M1|8.548046859179966|0.53|0.08|3650|   |0.03307500313056873|0.06376610159218346
237|GJ 3517|08 53 36.1607|-03 29 32.201|nan|M|8.557244900994005|nan|nan|nan| |None|None
238|GJ 3454|07 36 25.1182|+07 04 43.139|nan|M5V|8.57257497068407|nan|nan|nan| |None|None
239|Gl 17|00 20 04.2599|-64 52 29.254|nan|G0V|8.587905040374135|1.13|0.11|5960|   |0.11025982194232208|0.19355954434021871
240|Gl 877|22 55 45.5132|-75 27 31.205|nan|M3-V|8.615499165816251|0.32|0.09|3360|   |0.031646799894752296|0.061892244631578414
241|Gl 745 A|19 07 05.5652|+20 53 16.917|nan|M1.5|8.62469720763029|0.47|0.08|3530|   |0.030986912737877244|0.06009789200898217
242|Gl 745 B|19 07 13.2038|+20 52 37.255|nan|M2|8.860780280857282|0.5|0.08|3560|   |0.03150352358281595|0.06100904868243154
243|Gl 867 A|22 38 45.5745|-20 37 16.086|nan|M0VEP|8.636961263382341|0.44|0.15|3500|   |0.057138733231874704|0.11098282739702799
244|Gl 867 B|22 38 45.2813|-20 36 51.812|nan|M4e|8.636961263382341|nan|nan|nan| |None|None
246|HIP 31292|06 33 46.7647|-75 37 29.901|nan|M3.5V|8.676819444576509|0.4|0.15|3460|   |0.05586734153690377|0.10872751834648192
247|Gl 203|05 28 00.1514|+09 38 38.154|nan|M3.5|8.68908350032856|0.22|0.1|3240|   |0.032737352853593055|0.06439677299785206
248|GJ 3839|14 17 02.7706|+31 42 46.679|nan|M|8.692149514266573|nan|nan|nan| |None|None
249|Gl 250 A|06 52 18.0504|-05 10 25.366|nan|K3V|8.695215528204585|0.7|0.08|4690|   |0.05312132766942044|0.09739341165299661
250|Gl 250 B|06 52 18.0414|-05 11 24.039|nan|M2|8.695215528204585|nan|nan|nan| |None|None
251|GJ 1054 B|03 07 53.3893|-28 14 09.916|nan|F9-V|8.71054559789465|1.04|0.03|5750|   |0.028347379133872946|0.05002769386529276
252|Gl 791.2|20 29 48.3179|+09 41 20.590|nan|M6e|8.75346979302683|nan|nan|nan| |None|None
253|GJ 3667|11 29 18.0379|+18 16 45.647|nan|DC8|8.768799862716897|nan|nan|nan| |None|None
254|Gl 849|22 09 40.3443|-04 38 26.651|nan|M3V|8.768799862716897|0.26|0.14|3300|  1|0.0475162579100994|0.0931989662752974
255|Gl 666 A|17 19 03.8375|-46 38 10.441|nan|M0V|8.781063918468947|nan|nan|nan| |None|None
256|Gl 666 B|17 19 02.9683|-46 38 13.186|nan|M0V|8.781063918468947|nan|nan|nan| |None|None
257|GJ 1103 A|07 51 54.6714|-00 00 12.257|nan|M|8.784129932406959|nan|nan|nan| |None|None
258|GJ 1103 B|07 51 54.67|-00 00 14.4|nan|M|8.784129932406959|nan|nan|nan| |None|None
259|Gl 183|05 00 48.9991|-05 45 13.220|nan|K4III|8.808658043911063|nan|nan|nan| |None|None
260|Gl 785|20 15 17.3916|-27 01 58.713|nan|K3V|8.820922099663115|0.78|0.1|5090|  2|0.07681409474040062|0.13852315985364846
261|Gl 465|12 24 52.5025|-18 14 32.249|nan|M2|8.882242378423372|0.48|4880.0|   |nan|None|None
262|GJ 4247|22 01 13.1233|+28 18 24.913|nan|M4.5Vkee|8.897572448113436|nan|nan|nan| |None|None
263|Gl 318|08 41 32.4293|-32 56 32.916|nan|DA6|8.90063846205145|nan|nan|nan| |None|None
264|GJ 3128|02 02 16.2424|+10 20 13.953|nan|M|8.925166573555554|nan|nan|nan| |None|None
265|Gl 283 A|07 40 20.7887|-17 24 49.155|nan|DZQ6|8.925166573555554|nan|nan|nan| |None|None
266|Gl 283 B|07 40 19.3716|-17 24 45.910|nan|M|8.925166573555554|nan|nan|nan| |None|None
267|GJ 3707|12 10 05.6010|-15 04 16.955|nan|M|8.925166573555554|nan|nan|nan| |None|None
268|GJ 3820|13 59 10.4103|-19 50 03.661|nan|K2:|8.925166573555554|nan|nan|nan| |None|None
269|Gl 216 A|05 44 27.7908|-22 26 54.180|nan|F6.5V|8.96502475474972|1.28|0.13|6410|   |0.14667570045447043|0.2552073278165503
270|Gl 216 B|05 44 26.5368|-22 25 18.614|nan|K2V|8.96502475474972|nan|nan|nan| |None|None
271|Gl 357|09 36 01.6372|-21 39 38.878|nan|M2.5V|8.971156782625748|0.45|0.09|3510|   |0.034475121124131224|0.06692931989067588
272|GJ 4360|23 45 31.2797|-16 10 19.400|nan|M|9.00488293594389|nan|nan|nan| |None|None
273|Gl 51|01 03 19.8342|+62 21 55.831|nan|M5|9.014080977757928|nan|nan|nan| |None|None
274|HIP 31293|06 33 43.2774|-75 37 47.957|nan|M2.5V|9.014080977757928|0.4|0.12|3460|   |0.04469387322952302|0.08698201467718554
275|Gl 433|11 35 26.9474|-32 32 23.883|nan|M1.5|9.032477061386006|0.49|0.12|3550|  2|0.046996369525490536|0.09105732013015963
276|Gl 150|03 43 14.9008|-09 45 48.208|nan|K1IV|9.038609089262032|nan|nan|nan| |None|None
277|Gl 424|11 20 04.8280|+65 50 47.349|nan|M0|9.09073132620825|0.59|0.1|3850|   |0.045846884445046844|0.08750953840156851
278|GJ 3801|13 42 43.2692|+33 17 24.325|nan|M3.5|9.096863354084276|nan|nan|nan| |None|None
279|GJ 2066|08 16 07.9814|+01 18 09.267|nan|M2V|9.118325451650366|0.41|0.12|3470|   |0.04494720851500647|0.08743200307765295
280|HIP 82724|16 54 32.1867|-62 24 01.274|nan|Mp|9.12139146558838|nan|nan|nan| |None|None
281|Gl 502|13 11 52.3937|+27 52 41.453|nan|G0|9.15205160496851|1.13|0.13|5960|   |0.13030706229547154|0.22875218876571304
